25
30   25
30   25   25
30   25   25   25
45   35   25   25   25
65   50   25   25   25   25
75   55   30   30   30   25   25
75   55   30   30   30   25   25   25
115 95    70   70   70   55   35   35   35
125 105 80     80   80   65   45   45   45   25
160 140 115 115 115 80        60   60   60   25   25
160 140 115 115 115 80        60   60   60   25   25   25


                                                                                                         票
160 140 115 115 115 80        60   60   60   25   25   25   25
155 145 120 120 120 85        65   65   65   30   25   25   25   25
155 155 130 130 130 95        75   75   75   40   30   25   25   25   25
155 155 135 135 135 105 85
155 155 145 145 145 110 90
                                   85
                                   90
                                        85
                                        90
                                             45
                                             55
                                                  35
                                                  45
                                                       25
                                                       35
                                                            25
                                                            35
                                                                 25
                                                                 35
                                                                      25
                                                                      25
                                                                           25
                                                                           25   25
                                                                                                         價
                                                                                                         表
155 155 150 150 150 120 100 100 100 60            50   40   40   40   30   25   25   25
155 155 155 155 155 135 115 115 115 75            65   55   55   55   40   30   25   25   25
155 155 155 155 155 155 120 120 120 80            70   65   65   65   50   40   30   25   25   25
155 155 155 155 155 155 125 125 125 85            75   65   65   65   55   45   35   30   25   25   25
114年1月2日起實施
